1.239799976348876953e+01 -3.930999994277954102e+00 2.850000000000000000e+01
1.203100013732910156e+01 -3.961999893188476562e+00 2.479100036621093750e+01
1.384000015258789062e+01 -1.935999989509582520e+00 2.212599945068359375e+01
1.263700008392333984e+01 1.496999979019165039e+00 2.102300071716308594e+01
1.311100006103515625e+01 3.546000003814697266e+00 1.788500022888183594e+01
1.618300056457519531e+01 5.782000064849853516e+00 1.829299926757812500e+01
1.747100067138671875e+01 8.350000381469726562e+00 1.581799983978271484e+01
2.051399993896484375e+01 7.065999984741210938e+00 1.391899967193603516e+01
2.136100006103515625e+01 1.059700012207031250e+01 1.272799968719482422e+01
1.998600006103515625e+01 1.410200023651123047e+01 1.334000015258789062e+01
1.648500061035156250e+01 1.413099956512451172e+01 1.181200027465820312e+01
1.555900001525878906e+01 1.775099945068359375e+01 1.088300037384033203e+01
1.223999977111816406e+01 1.929199981689453125e+01 1.174400043487548828e+01
9.574000358581542969e+00 1.831299972534179688e+01 9.152000427246093750e+00
1.168500041961669922e+01 1.553400039672851562e+01 7.610000133514404297e+00
9.963000297546386719e+00 1.237399959564208984e+01 6.373000144958496094e+00
1.147900009155273438e+01 9.347000122070312500e+00 8.095999717712402344e+00
1.358100032806396484e+01 6.907000064849853516e+00 6.105000019073486328e+00
1.507400035858154297e+01 3.598999977111816406e+00 7.202000141143798828e+00
1.864500045776367188e+01 4.933000087738037109e+00 7.587999820709228516e+00
1.734000015258789062e+01 7.334000110626220703e+00 1.022200012207031250e+01
1.596199989318847656e+01 4.708000183105468750e+00 1.262100028991699219e+01
1.802199935913085938e+01 2.362999916076660156e+00 1.475800037384033203e+01
1.658099937438964844e+01 2.049999982118606567e-01 1.753100013732910156e+01
1.795100021362304688e+01 7.299999892711639404e-02 2.106599998474121094e+01
1.693099975585937500e+01 -8.119999766349792480e-01 2.460300064086914062e+01
1.662999916076660156e+01 2.592999935150146484e+00 2.628199958801269531e+01
1.479300022125244141e+01 4.268000125885009766e+00 2.912599945068359375e+01
1.226200008392333984e+01 5.767000198364257812e+00 2.906399917602539062e+01
1.047200012207031250e+01 3.706000089645385742e+00 2.642900085449218750e+01
9.845999717712402344e+00 5.184000015258789062e+00 2.302400016784667969e+01
7.876999855041503906e+00 3.976000070571899414e+00 2.003800010681152344e+01
8.458999633789062500e+00 1.969999969005584717e-01 1.992700004577636719e+01
1.112300014495849609e+01 -8.820000290870666504e-01 1.744799995422363281e+01
8.701000213623046875e+00 -3.079999923706054688e+00 1.551700019836425781e+01
7.060999870300292969e+00 1.250000000000000000e-01 1.421899986267089844e+01
1.014700031280517578e+01 1.195000052452087402e+00 1.223099994659423828e+01
8.921999931335449219e+00 8.999999612569808960e-03 8.779999732971191406e+00
5.500000000000000000e+00 1.621000051498413086e+00 9.420999526977539062e+00
7.125000000000000000e+00 4.951000213623046875e+00 1.040299987792968750e+01
8.803999900817871094e+00 5.308000087738037109e+00 7.005000114440917969e+00
7.366000175476074219e+00 8.307000160217285156e+00 5.255000114440917969e+00
5.908999919891357422e+00 9.937000274658203125e+00 8.361000061035156250e+00
7.276999950408935547e+00 1.336600017547607422e+01 9.291999816894531250e+00
8.751000404357910156e+00 1.446899986267089844e+01 1.257400035858154297e+01
7.335999965667724609e+00 1.766900062561035156e+01 1.408600044250488281e+01
1.061100006103515625e+01 1.873699951171875000e+01 1.567199993133544922e+01
1.428199958801269531e+01 1.805100059509277344e+01 1.515699958801269531e+01
1.534899997711181641e+01 1.470400047302246094e+01 1.660400009155273438e+01
1.907399940490722656e+01 1.468500041961669922e+01 1.750499916076660156e+01
2.121699905395507812e+01 1.158399963378906250e+01 1.697200012207031250e+01
2.062899971008300781e+01 9.135999679565429688e+00 1.981299972534179688e+01
1.726499938964843750e+01 1.056599998474121094e+01 2.082299995422363281e+01
1.445699977874755859e+01 8.107000350952148438e+00 2.149200057983398438e+01
1.158500003814697266e+01 8.713000297546386719e+00 1.909099960327148438e+01
8.329000473022460938e+00 9.244000434875488281e+00 2.098699951171875000e+01
4.723999977111816406e+00 9.229000091552734375e+00 1.965500068664550781e+01
4.335999965667724609e+00 1.295899963378906250e+01 2.020499992370605469e+01
7.275000095367431641e+00 1.368200016021728516e+01 1.786199951171875000e+01
5.638999938964843750e+00 1.208399963378906250e+01 1.480500030517578125e+01
2.970999956130981445e+00 1.386499977111816406e+01 1.278699970245361328e+01
-2.930000126361846924e-01 1.193900012969970703e+01 1.246000003814697266e+01
9.649999737739562988e-01 9.076999664306640625e+00 1.467500019073486328e+01
-1.483999967575073242e+00 7.030000209808349609e+00 1.677400016784667969e+01
